pulseChargeAndHeight1_174kOhm25_5V Pulse height measurements with 2 amplifiers at 14.90 V. Dark counts and temperature 1.174 kOhm
Measurement settings: 
Timescale: 1e-06 s, y-increment: 0.00201005, y-origin: 0.0
Voltage = (value-128)*yIncrement+yOrigin, [value] = byte
 Time [s], Voltage [V]0.0;0.0
5.002501250625313e-10;0.00201005
1.0005002501250626e-09;0.00201005
1.5007503751875937e-09;0.00201005
2.001000500250125e-09;0.00201005
2.5012506253126565e-09;0.00201005
3.0015007503751875e-09;0.00201005
3.501750875437719e-09;0.00201005
4.00200100050025e-09;0.00201005
4.502251125562781e-09;0.00201005
5.002501250625313e-09;0.00201005
5.502751375687844e-09;0.00201005
6.003001500750375e-09;0.00201005
6.503251625812907e-09;0.0040201
7.003501750875438e-09;0.0040201
7.503751875937969e-09;0.0040201
8.0040020010005e-09;0.0040201
8.504252126063032e-09;0.00201005
9.004502251125562e-09;0.0
9.504752376188094e-09;-0.00201005
1.0005002501250626e-08;-0.0040201
1.0505252626313156e-08;-0.0040201
1.1005502751375688e-08;-0.0040201
1.150575287643822e-08;-0.00201005
1.200600300150075e-08;0.0
1.2506253126563282e-08;0.00201005
1.3006503251625813e-08;0.00201005
1.3506753376688345e-08;0.00201005
1.4007003501750875e-08;0.00201005
1.4507253626813407e-08;0.00201005
1.5007503751875937e-08;0.0
1.550775387693847e-08;0.00201005
1.6008004002001e-08;0.00201005
1.650825412706353e-08;0.0040201
1.7008504252126065e-08;0.0040201
1.7508754377188595e-08;0.0040201
1.8009004502251125e-08;0.0040201
1.8509254627313658e-08;0.00201005
1.900950475237619e-08;0.0
1.950975487743872e-08;0.0
2.0010005002501252e-08;0.0
2.0510255127563782e-08;0.00201005
2.1010505252626312e-08;0.00201005
2.1510755377688846e-08;0.00201005
2.2011005502751376e-08;0.00201005
2.2511255627813906e-08;0.00201005
2.301150575287644e-08;0.0
2.351175587793897e-08;0.0
2.40120060030015e-08;0.0
2.4512256128064033e-08;0.0
2.5012506253126563e-08;0.0
2.5512756378189097e-08;0.00201005
2.6013006503251627e-08;0.00201005
2.6513256628314157e-08;0.0040201
2.701350675337669e-08;0.0040201
2.751375687843922e-08;0.0040201
2.801400700350175e-08;0.0040201
2.8514257128564284e-08;0.0040201
2.9014507253626814e-08;0.0040201
2.9514757378689345e-08;0.0040201
3.0015007503751875e-08;0.0040201
3.051525762881441e-08;0.00201005
3.101550775387694e-08;0.00201005
3.151575787893947e-08;0.00201005
3.2016008004002e-08;0.0
3.2516258129064535e-08;0.0
3.301650825412706e-08;0.0
3.3516758379189596e-08;0.0
3.401700850425213e-08;0.0
3.4517258629314656e-08;0.0
3.501750875437719e-08;0.0
3.551775887943972e-08;0.0
3.601800900450225e-08;0.00201005
3.651825912956478e-08;0.00201005
3.7018509254627317e-08;0.00201005
3.7518759379689843e-08;0.00201005
3.801900950475238e-08;0.00201005
3.851925962981491e-08;0.00201005
3.901950975487744e-08;0.00201005
3.951975987993997e-08;0.0040201
4.0020010005002504e-08;0.0040201
4.052026013006503e-08;0.0040201
4.1020510255127564e-08;0.0040201
4.15207603801901e-08;0.00201005
4.2021010505252625e-08;0.00201005
4.252126063031516e-08;0.0
4.302151075537769e-08;0.0
4.352176088044022e-08;-0.00201005
4.402201100550275e-08;-0.00201005
4.4522261130565285e-08;-0.00201005
4.502251125562781e-08;-0.00201005
4.5522761380690346e-08;-0.0040201
4.602301150575288e-08;-0.0040201
4.6523261630815406e-08;-0.006030150000000001
4.702351175587794e-08;-0.0080402
4.752376188094047e-08;-0.01005025
4.8024012006003e-08;-0.012060300000000001
4.852426213106553e-08;-0.012060300000000001
4.9024512256128066e-08;-0.012060300000000001
4.95247623811906e-08;-0.01005025
5.002501250625313e-08;-0.0080402
5.052526263131566e-08;-0.0040201
5.1025512756378194e-08;-0.00201005
5.152576288144072e-08;0.0
5.2026013006503254e-08;-0.00201005
5.252626313156579e-08;-0.00201005
5.3026513256628314e-08;-0.0040201
5.352676338169085e-08;-0.006030150000000001
5.402701350675338e-08;-0.0080402
5.452726363181591e-08;-0.01005025
5.502751375687844e-08;-0.01005025
5.5527763881940975e-08;-0.01005025
5.60280140070035e-08;-0.0080402
5.6528264132066035e-08;-0.0080402
5.702851425712857e-08;-0.006030150000000001
5.7528764382191095e-08;-0.0040201
5.802901450725363e-08;-0.0040201
5.852926463231616e-08;-0.00201005
5.902951475737869e-08;-0.00201005
5.952976488244122e-08;-0.00201005
6.003001500750375e-08;0.0
6.053026513256629e-08;0.0
6.103051525762882e-08;0.0
6.153076538269134e-08;0.00201005
6.203101550775388e-08;0.00201005
6.253126563281641e-08;0.0
6.303151575787894e-08;0.0
6.353176588294148e-08;-0.00201005
6.4032016008004e-08;-0.0040201
6.453226613306653e-08;-0.0040201
6.503251625812907e-08;-0.0040201
6.55327663831916e-08;-0.0040201
6.603301650825412e-08;-0.00201005
6.653326663331666e-08;0.0
6.703351675837919e-08;0.00201005
6.753376688344172e-08;0.0040201
6.803401700850426e-08;0.006030150000000001
6.853426713356679e-08;0.0080402
6.903451725862931e-08;0.0080402
6.953476738369185e-08;0.006030150000000001
7.003501750875438e-08;0.006030150000000001
7.05352676338169e-08;0.0040201
7.103551775887945e-08;0.0
7.153576788394197e-08;-0.0040201
7.20360180090045e-08;-0.0080402
7.253626813406704e-08;-0.012060300000000001
7.303651825912957e-08;-0.012060300000000001
7.353676838419209e-08;-0.014070350000000002
7.403701850925463e-08;-0.012060300000000001
7.453726863431716e-08;-0.01005025
7.503751875937969e-08;-0.006030150000000001
7.553776888444223e-08;-0.0040201
7.603801900950475e-08;-0.00201005
7.653826913456728e-08;0.0
7.703851925962982e-08;0.0
7.753876938469235e-08;0.00201005
7.803901950975487e-08;0.00201005
7.853926963481741e-08;0.00201005
7.903951975987994e-08;0.00201005
7.953976988494247e-08;0.00201005
8.004002001000501e-08;0.00201005
8.054027013506753e-08;0.0
8.104052026013006e-08;0.0
8.15407703851926e-08;0.0
8.204102051025513e-08;0.0
8.254127063531766e-08;0.0
8.30415207603802e-08;0.0
8.354177088544272e-08;0.0
8.404202101050525e-08;0.0
8.454227113556779e-08;0.0
8.504252126063032e-08;0.0
8.554277138569284e-08;-0.00201005
8.604302151075538e-08;-0.00201005
8.654327163581791e-08;-0.00201005
8.704352176088044e-08;-0.00201005
8.754377188594298e-08;-0.00201005
8.80440220110055e-08;-0.00201005
8.854427213606803e-08;-0.0040201
8.904452226113057e-08;-0.0040201
8.95447723861931e-08;-0.006030150000000001
9.004502251125562e-08;-0.006030150000000001
9.054527263631816e-08;-0.006030150000000001
9.104552276138069e-08;-0.006030150000000001
9.154577288644322e-08;-0.0040201
9.204602301150576e-08;-0.00201005
9.254627313656828e-08;0.0
9.304652326163081e-08;0.0
9.354677338669335e-08;0.0
9.404702351175588e-08;0.0
9.45472736368184e-08;0.0
9.504752376188095e-08;0.0
9.554777388694347e-08;-0.00201005
9.6048024012006e-08;-0.00201005
9.654827413706854e-08;0.0
9.704852426213107e-08;0.0
9.75487743871936e-08;0.00201005
9.804902451225613e-08;0.00201005
9.854927463731866e-08;0.0040201
9.90495247623812e-08;0.0040201
9.954977488744373e-08;0.0040201
1.0005002501250625e-07;0.00201005
1.005502751375688e-07;0.00201005
1.0105052526263132e-07;0.0
1.0155077538769385e-07;-0.00201005
1.0205102551275639e-07;-0.00201005
1.0255127563781891e-07;-0.00201005
1.0305152576288144e-07;-0.00201005
1.0355177588794398e-07;-0.00201005
1.0405202601300651e-07;-0.00201005
1.0455227613806903e-07;-0.00201005
1.0505252626313157e-07;-0.00201005
1.055527763881941e-07;-0.00201005
1.0605302651325663e-07;-0.00201005
1.0655327663831917e-07;-0.00201005
1.070535267633817e-07;-0.00201005
1.0755377688844422e-07;-0.00201005
1.0805402701350676e-07;-0.00201005
1.0855427713856929e-07;-0.00201005
1.0905452726363182e-07;-0.00201005
1.0955477738869436e-07;-0.0040201
1.1005502751375688e-07;-0.0040201
1.1055527763881941e-07;-0.0040201
1.1105552776388195e-07;-0.0040201
1.1155577788894448e-07;-0.00201005
1.12056028014007e-07;0.0
1.1255627813906954e-07;0.0
1.1305652826413207e-07;0.00201005
1.135567783891946e-07;0.00201005
1.1405702851425714e-07;0.00201005
1.1455727863931966e-07;0.00201005
1.1505752876438219e-07;0.00201005
1.1555777888944473e-07;0.00201005
1.1605802901450726e-07;0.00201005
1.1655827913956978e-07;0.00201005
1.1705852926463232e-07;0.0040201
1.1755877938969485e-07;0.0040201
1.1805902951475738e-07;0.0040201
1.1855927963981992e-07;0.00201005
1.1905952976488245e-07;0.0040201
1.1955977988994497e-07;0.0040201
1.200600300150075e-07;0.0040201
1.2056028014007003e-07;0.00201005
1.2106053026513258e-07;0.00201005
1.215607803901951e-07;0.0
1.2206103051525763e-07;0.0
1.2256128064032016e-07;-0.00201005
1.2306153076538269e-07;-0.0040201
1.235617808904452e-07;-0.006030150000000001
1.2406203101550777e-07;-0.006030150000000001
1.245622811405703e-07;-0.006030150000000001
1.2506253126563282e-07;-0.006030150000000001
1.2556278139069535e-07;-0.0040201
1.2606303151575787e-07;-0.00201005
1.265632816408204e-07;-0.00201005
1.2706353176588295e-07;0.0
1.2756378189094548e-07;0.0
1.28064032016008e-07;0.0
1.2856428214107053e-07;0.0
1.2906453226613306e-07;-0.00201005
1.2956478239119561e-07;-0.0040201
1.3006503251625814e-07;-0.006030150000000001
1.3056528264132067e-07;-0.006030150000000001
1.310655327663832e-07;-0.006030150000000001
1.3156578289144572e-07;-0.006030150000000001
1.3206603301650825e-07;-0.0040201
1.325662831415708e-07;-0.00201005
1.3306653326663333e-07;0.0
1.3356678339169586e-07;0.0
1.3406703351675838e-07;0.0
1.345672836418209e-07;0.0
1.3506753376688344e-07;-0.00201005
1.35567783891946e-07;-0.0040201
1.3606803401700852e-07;-0.0040201
1.3656828414207104e-07;-0.0040201
1.3706853426713357e-07;-0.00201005
1.375687843921961e-07;0.0
1.3806903451725862e-07;0.0
1.3856928464232118e-07;0.00201005
1.390695347673837e-07;0.00201005
1.3956978489244623e-07;0.0
1.4007003501750876e-07;0.0
1.4057028514257128e-07;-0.00201005
1.410705352676338e-07;-0.00201005
1.4157078539269636e-07;-0.00201005
1.420710355177589e-07;-0.00201005
1.4257128564282142e-07;-0.00201005
1.4307153576788394e-07;0.0
1.4357178589294647e-07;0.0
1.44072036018009e-07;0.0
1.4457228614307155e-07;0.0
1.4507253626813408e-07;0.00201005
1.455727863931966e-07;0.00201005
1.4607303651825913e-07;0.00201005
1.4657328664332166e-07;0.00201005
1.4707353676838419e-07;0.00201005
1.4757378689344674e-07;0.0
1.4807403701850927e-07;0.0
1.485742871435718e-07;-0.00201005
1.4907453726863432e-07;-0.0040201
1.4957478739369685e-07;-0.0040201
1.5007503751875937e-07;-0.0040201
1.5057528764382193e-07;-0.0040201
1.5107553776888445e-07;-0.0040201
1.5157578789394698e-07;-0.0040201
1.520760380190095e-07;-0.0040201
1.5257628814407203e-07;-0.00201005
1.5307653826913456e-07;-0.00201005
1.5357678839419711e-07;-0.00201005
1.5407703851925964e-07;-0.00201005
1.5457728864432217e-07;0.0
1.550775387693847e-07;-0.00201005
1.5557778889444722e-07;-0.00201005
1.5607803901950975e-07;-0.00201005
1.565782891445723e-07;-0.0040201
1.5707853926963483e-07;-0.0040201
1.5757878939469736e-07;-0.0040201
1.5807903951975988e-07;-0.0040201
1.585792896448224e-07;-0.0040201
1.5907953976988494e-07;-0.0040201
1.595797898949475e-07;-0.006030150000000001
1.6008004002001002e-07;-0.0080402
1.6058029014507254e-07;-0.0080402
1.6108054027013507e-07;-0.01005025
1.615807903951976e-07;-0.01005025
1.6208104052026012e-07;-0.01005025
1.6258129064532268e-07;-0.0080402
1.630815407703852e-07;-0.0080402
1.6358179089544773e-07;-0.0080402
1.6408204102051026e-07;-0.006030150000000001
1.6458229114557278e-07;-0.006030150000000001
1.650825412706353e-07;-0.006030150000000001
1.6558279139569786e-07;-0.0040201
1.660830415207604e-07;-0.00201005
1.6658329164582292e-07;-0.00201005
1.6708354177088544e-07;0.0
1.6758379189594797e-07;0.0
1.680840420210105e-07;0.0
1.6858429214607305e-07;-0.00201005
1.6908454227113558e-07;-0.00201005
1.695847923961981e-07;-0.00201005
1.7008504252126063e-07;-0.0040201
1.7058529264632316e-07;-0.0040201
1.7108554277138569e-07;-0.0040201
1.7158579289644824e-07;-0.0040201
1.7208604302151077e-07;-0.0040201
1.725862931465733e-07;-0.0040201
1.7308654327163582e-07;-0.0040201
1.7358679339669835e-07;-0.0040201
1.7408704352176087e-07;-0.0040201
1.7458729364682343e-07;-0.0040201
1.7508754377188595e-07;-0.0040201
1.7558779389694848e-07;-0.00201005
1.76088044022011e-07;-0.00201005
1.7658829414707353e-07;-0.00201005
1.7708854427213606e-07;-0.00201005
1.7758879439719861e-07;-0.00201005
1.7808904452226114e-07;-0.00201005
1.7858929464732367e-07;-0.00201005
1.790895447723862e-07;-0.00201005
1.7958979489744872e-07;-0.00201005
1.8009004502251125e-07;-0.00201005
1.805902951475738e-07;-0.00201005
1.8109054527263633e-07;-0.00201005
1.8159079539769886e-07;-0.0040201
1.8209104552276138e-07;-0.0040201
1.825912956478239e-07;-0.0040201
1.8309154577288644e-07;-0.0040201
1.83591795897949e-07;-0.0040201
1.8409204602301152e-07;-0.00201005
1.8459229614807404e-07;0.0
1.8509254627313657e-07;0.00201005
1.855927963981991e-07;0.00201005
1.8609304652326162e-07;0.00201005
1.8659329664832418e-07;0.0040201
1.870935467733867e-07;0.00201005
1.8759379689844923e-07;0.00201005
1.8809404702351176e-07;0.00201005
1.8859429714857428e-07;0.0
1.890945472736368e-07;0.0
1.8959479739869936e-07;0.0
1.900950475237619e-07;0.00201005
1.9059529764882442e-07;0.0040201
1.9109554777388694e-07;0.0040201
1.9159579789894947e-07;0.006030150000000001
1.92096048024012e-07;0.006030150000000001
1.9259629814907455e-07;0.006030150000000001
1.9309654827413708e-07;0.0040201
1.935967983991996e-07;0.00201005
1.9409704852426213e-07;0.0
1.9459729864932466e-07;0.0
1.950975487743872e-07;0.0
1.9559779889944974e-07;0.0
1.9609804902451227e-07;0.0
1.965982991495748e-07;0.0
1.9709854927463732e-07;-0.00201005
1.9759879939969985e-07;-0.0040201
1.980990495247624e-07;-0.0040201
1.9859929964982493e-07;-0.006030150000000001
1.9909954977488745e-07;-0.0080402
1.9959979989994998e-07;-0.0080402
2.001000500250125e-07;-0.006030150000000001
2.0060030015007503e-07;-0.006030150000000001
2.011005502751376e-07;-0.006030150000000001
2.0160080040020011e-07;-0.006030150000000001
2.0210105052526264e-07;-0.006030150000000001
2.0260130065032517e-07;-0.006030150000000001
2.031015507753877e-07;-0.006030150000000001
2.0360180090045022e-07;-0.0040201
2.0410205102551277e-07;-0.0040201
2.046023011505753e-07;-0.00201005
2.0510255127563783e-07;-0.00201005
2.0560280140070036e-07;-0.00201005
2.0610305152576288e-07;-0.00201005
2.066033016508254e-07;-0.00201005
2.0710355177588796e-07;-0.00201005
2.076038019009505e-07;-0.00201005
2.0810405202601302e-07;0.0
2.0860430215107554e-07;0.00201005
2.0910455227613807e-07;0.00201005
2.096048024012006e-07;0.00201005
2.1010505252626315e-07;0.00201005
2.1060530265132568e-07;0.0
2.111055527763882e-07;-0.00201005
2.1160580290145073e-07;-0.00201005
2.1210605302651326e-07;-0.0040201
2.1260630315157578e-07;-0.0040201
2.1310655327663834e-07;-0.0040201
2.1360680340170086e-07;-0.0040201
2.141070535267634e-07;-0.0040201
2.1460730365182592e-07;-0.006030150000000001
2.1510755377688844e-07;-0.0080402
2.1560780390195097e-07;-0.0080402
2.1610805402701352e-07;-0.0080402
2.1660830415207605e-07;-0.0080402
2.1710855427713858e-07;-0.006030150000000001
2.176088044022011e-07;-0.0040201
2.1810905452726363e-07;-0.00201005
2.1860930465232616e-07;0.0
2.191095547773887e-07;0.00201005
2.1960980490245124e-07;0.00201005
2.2011005502751377e-07;0.00201005
2.206103051525763e-07;0.0
2.2111055527763882e-07;0.0
2.2161080540270135e-07;-0.00201005
2.221110555277639e-07;-0.00201005
2.2261130565282643e-07;-0.0040201
2.2311155577788895e-07;-0.0040201
2.2361180590295148e-07;-0.006030150000000001
2.24112056028014e-07;-0.006030150000000001
2.2461230615307653e-07;-0.006030150000000001
2.251125562781391e-07;-0.0040201
2.2561280640320161e-07;-0.00201005
2.2611305652826414e-07;0.0
2.2661330665332667e-07;0.00201005
2.271135567783892e-07;0.00201005
2.2761380690345172e-07;0.00201005
2.2811405702851427e-07;0.00201005
2.286143071535768e-07;0.00201005
2.2911455727863933e-07;0.00201005
2.2961480740370185e-07;0.00201005
2.3011505752876438e-07;0.00201005
2.306153076538269e-07;0.00201005
2.3111555777888946e-07;0.00201005
2.31615807903952e-07;0.00201005
2.3211605802901452e-07;0.0
2.3261630815407704e-07;0.0
2.3311655827913957e-07;0.0
2.336168084042021e-07;0.0
2.3411705852926465e-07;0.00201005
2.3461730865432718e-07;0.00201005
2.351175587793897e-07;0.00201005
2.3561780890445223e-07;0.00201005
2.3611805902951476e-07;0.0
2.3661830915457728e-07;0.0
2.3711855927963984e-07;-0.00201005
2.3761880940470236e-07;-0.0040201
2.381190595297649e-07;-0.0040201
2.3861930965482744e-07;-0.0040201
2.3911955977988994e-07;-0.0040201
2.396198099049525e-07;-0.0040201
2.40120060030015e-07;-0.0040201
2.4062031015507755e-07;-0.00201005
2.4112056028014005e-07;-0.00201005
2.416208104052026e-07;0.0
2.4212106053026516e-07;0.0
2.4262131065532766e-07;0.0
2.431215607803902e-07;0.0
2.436218109054527e-07;0.0
2.4412206103051527e-07;0.0
2.446223111555778e-07;0.0
2.451225612806403e-07;0.0
2.4562281140570287e-07;-0.00201005
2.4612306153076537e-07;-0.00201005
2.466233116558279e-07;-0.00201005
2.471235617808904e-07;-0.00201005
2.47623811905953e-07;-0.00201005
2.4812406203101553e-07;-0.00201005
2.4862431215607803e-07;-0.0040201
2.491245622811406e-07;-0.0040201
2.496248124062031e-07;-0.0040201
2.5012506253126564e-07;-0.0040201
2.506253126563282e-07;-0.00201005
2.511255627813907e-07;-0.00201005
2.5162581290645325e-07;0.0
2.5212606303151575e-07;0.0
2.526263131565783e-07;0.0
2.531265632816408e-07;-0.00201005
2.5362681340670335e-07;-0.00201005
2.541270635317659e-07;-0.00201005
2.546273136568284e-07;0.0
2.5512756378189096e-07;0.0
2.5562781390695346e-07;0.00201005
2.56128064032016e-07;0.00201005
2.5662831415707857e-07;0.0040201
2.5712856428214107e-07;0.00201005
2.576288144072036e-07;0.00201005
2.581290645322661e-07;0.00201005
2.586293146573287e-07;0.00201005
2.5912956478239123e-07;0.0
2.5962981490745373e-07;0.0
2.601300650325163e-07;0.0
2.606303151575788e-07;0.0
2.6113056528264134e-07;-0.00201005
2.6163081540770384e-07;-0.0040201
2.621310655327664e-07;-0.0040201
2.6263131565782894e-07;-0.0040201
2.6313156578289144e-07;-0.0040201
2.63631815907954e-07;-0.0040201
2.641320660330165e-07;-0.0040201
2.6463231615807905e-07;-0.0040201
2.651325662831416e-07;-0.0040201
2.656328164082041e-07;-0.00201005
2.6613306653326666e-07;-0.00201005
2.6663331665832916e-07;-0.00201005
2.671335667833917e-07;0.0
2.676338169084542e-07;0.00201005
2.6813406703351677e-07;0.00201005
2.686343171585793e-07;0.0040201
2.691345672836418e-07;0.0040201
2.6963481740870437e-07;0.00201005
2.7013506753376687e-07;0.00201005
2.706353176588294e-07;0.0
2.71135567783892e-07;-0.00201005
2.716358179089545e-07;-0.0040201
2.7213606803401703e-07;-0.0040201
2.7263631815907953e-07;-0.0040201
2.731365682841421e-07;-0.0040201
2.736368184092046e-07;-0.00201005
2.7413706853426714e-07;-0.00201005
2.746373186593297e-07;0.0
2.751375687843922e-07;0.0
2.7563781890945475e-07;0.00201005
2.7613806903451725e-07;0.0040201
2.766383191595798e-07;0.0040201
2.7713856928464235e-07;0.006030150000000001
2.7763881940970485e-07;0.006030150000000001
2.781390695347674e-07;0.006030150000000001
2.786393196598299e-07;0.006030150000000001
2.7913956978489246e-07;0.006030150000000001
2.7963981990995496e-07;0.0040201
2.801400700350175e-07;0.0040201
2.8064032016008007e-07;0.0040201
2.8114057028514257e-07;0.0040201
2.816408204102051e-07;0.0040201
2.821410705352676e-07;0.0040201
2.826413206603302e-07;0.0040201
2.8314157078539273e-07;0.0040201
2.8364182091045523e-07;0.00201005
2.841420710355178e-07;0.00201005
2.846423211605803e-07;0.00201005
2.8514257128564284e-07;0.00201005
2.8564282141070534e-07;0.00201005
2.861430715357679e-07;0.00201005
2.8664332166083044e-07;0.00201005
2.8714357178589294e-07;0.0
2.876438219109555e-07;0.0
2.88144072036018e-07;0.0
2.8864432216108055e-07;0.0
2.891445722861431e-07;-0.00201005
2.896448224112056e-07;-0.00201005
2.9014507253626816e-07;-0.00201005
2.9064532266133066e-07;-0.00201005
2.911455727863932e-07;-0.00201005
2.916458229114557e-07;-0.00201005
2.9214607303651826e-07;-0.00201005
2.926463231615808e-07;-0.00201005
2.931465732866433e-07;-0.0040201
2.9364682341170587e-07;-0.0040201
2.9414707353676837e-07;-0.0040201
2.946473236618309e-07;-0.0040201
2.951475737868935e-07;-0.00201005
2.95647823911956e-07;-0.00201005
2.9614807403701853e-07;-0.00201005
2.9664832416208103e-07;-0.00201005
2.971485742871436e-07;-0.00201005
2.976488244122061e-07;-0.0040201
2.9814907453726864e-07;-0.0040201
2.986493246623312e-07;-0.0040201
2.991495747873937e-07;-0.0040201
2.9964982491245625e-07;-0.0040201
3.0015007503751875e-07;-0.0040201
3.006503251625813e-07;-0.00201005
3.0115057528764385e-07;-0.00201005
3.0165082541270635e-07;-0.00201005
3.021510755377689e-07;-0.00201005
3.026513256628314e-07;-0.00201005
3.0315157578789396e-07;-0.00201005
3.0365182591295646e-07;-0.0040201
3.04152076038019e-07;-0.0040201
3.0465232616308157e-07;-0.006030150000000001
3.0515257628814407e-07;-0.0040201
3.056528264132066e-07;-0.0040201
3.061530765382691e-07;-0.0040201
3.066533266633317e-07;-0.00201005
3.0715357678839423e-07;-0.00201005
3.0765382691345673e-07;0.0
3.081540770385193e-07;0.0
3.086543271635818e-07;0.0
3.0915457728864434e-07;0.00201005
3.0965482741370684e-07;0.0
3.101550775387694e-07;0.0
3.1065532766383194e-07;-0.00201005
3.1115557778889444e-07;-0.0040201
3.11655827913957e-07;-0.006030150000000001
3.121560780390195e-07;-0.006030150000000001
3.1265632816408205e-07;-0.006030150000000001
3.131565782891446e-07;-0.006030150000000001
3.136568284142071e-07;-0.0040201
3.1415707853926966e-07;-0.00201005
3.1465732866433216e-07;-0.00201005
3.151575787893947e-07;-0.00201005
3.156578289144572e-07;-0.00201005
3.1615807903951976e-07;-0.00201005
3.166583291645823e-07;-0.00201005
3.171585792896448e-07;-0.00201005
3.1765882941470737e-07;-0.00201005
3.1815907953976987e-07;-0.00201005
3.186593296648324e-07;-0.00201005
3.19159579789895e-07;0.0
3.196598299149575e-07;0.0
3.2016008004002003e-07;0.0
3.2066033016508253e-07;0.0
3.211605802901451e-07;0.00201005
3.2166083041520764e-07;0.0
3.2216108054027014e-07;0.0
3.226613306653327e-07;0.0
3.231615807903952e-07;-0.00201005
3.2366183091545775e-07;-0.00201005
3.2416208104052025e-07;-0.00201005
3.246623311655828e-07;-0.00201005
3.2516258129064535e-07;-0.00201005
3.2566283141570785e-07;-0.00201005
3.261630815407704e-07;-0.00201005
3.266633316658329e-07;-0.00201005
3.2716358179089546e-07;-0.00201005
3.27663831915958e-07;-0.00201005
3.281640820410205e-07;-0.00201005
3.2866433216608307e-07;-0.00201005
3.2916458229114557e-07;-0.00201005
3.296648324162081e-07;-0.00201005
3.301650825412706e-07;-0.0040201
3.306653326663332e-07;-0.006030150000000001
3.3116558279139573e-07;-0.0080402
3.3166583291645823e-07;-0.0080402
3.321660830415208e-07;-0.0080402
3.326663331665833e-07;-0.006030150000000001
3.3316658329164584e-07;-0.0040201
3.336668334167084e-07;-0.00201005
3.341670835417709e-07;0.0
3.3466733366683344e-07;0.0
3.3516758379189594e-07;0.0
3.356678339169585e-07;0.0
3.36168084042021e-07;0.0
3.3666833416708355e-07;0.0
3.371685842921461e-07;0.0
3.376688344172086e-07;0.0
3.3816908454227116e-07;0.00201005
3.3866933466733366e-07;0.00201005
3.391695847923962e-07;0.00201005
3.3966983491745876e-07;0.0040201
3.4017008504252126e-07;0.00201005
3.406703351675838e-07;0.00201005
3.411705852926463e-07;0.00201005
3.4167083541770887e-07;0.0
3.4217108554277137e-07;-0.00201005
3.426713356678339e-07;-0.00201005
3.431715857928965e-07;-0.00201005
3.43671835917959e-07;-0.00201005
3.4417208604302153e-07;-0.00201005
3.4467233616808403e-07;-0.00201005
3.451725862931466e-07;-0.00201005
3.4567283641820914e-07;-0.00201005
3.4617308654327164e-07;-0.00201005
3.466733366683342e-07;-0.00201005
3.471735867933967e-07;0.0
3.4767383691845925e-07;0.0
3.4817408704352175e-07;-0.00201005
3.486743371685843e-07;-0.00201005
3.4917458729364685e-07;-0.0040201
3.4967483741870935e-07;-0.006030150000000001
3.501750875437719e-07;-0.0080402
3.506753376688344e-07;-0.0080402
3.5117558779389696e-07;-0.01005025
3.516758379189595e-07;-0.0080402
3.52176088044022e-07;-0.0080402
3.5267633816908457e-07;-0.006030150000000001
3.5317658829414707e-07;-0.0040201
3.536768384192096e-07;-0.00201005
3.541770885442721e-07;0.0
3.546773386693347e-07;0.0
3.5517758879439723e-07;0.0
3.5567783891945973e-07;-0.00201005
3.561780890445223e-07;-0.00201005
3.566783391695848e-07;-0.00201005
3.5717858929464734e-07;-0.00201005
3.576788394197099e-07;0.0
3.581790895447724e-07;0.0
3.5867933966983494e-07;0.0
3.5917958979489744e-07;0.0
3.5967983991996e-07;-0.00201005
3.601800900450225e-07;-0.0040201
3.6068034017008505e-07;-0.006030150000000001
3.611805902951476e-07;-0.0080402
3.616808404202101e-07;-0.0080402
3.6218109054527266e-07;-0.006030150000000001
3.6268134067033516e-07;-0.0040201
3.631815907953977e-07;-0.00201005
3.6368184092046026e-07;0.0
3.6418209104552276e-07;0.0
3.646823411705853e-07;0.00201005
3.651825912956478e-07;0.00201005
3.6568284142071037e-07;0.00201005
3.6618309154577287e-07;0.0
3.666833416708354e-07;0.0
3.67183591795898e-07;0.0
3.676838419209605e-07;0.0
3.6818409204602303e-07;0.0
3.6868434217108553e-07;-0.00201005
3.691845922961481e-07;-0.00201005
3.6968484242121064e-07;-0.0040201
3.7018509254627314e-07;-0.0040201
3.706853426713357e-07;-0.0040201
3.711855927963982e-07;-0.0040201
3.7168584292146075e-07;-0.0040201
3.7218609304652325e-07;-0.00201005
3.726863431715858e-07;0.0
3.7318659329664835e-07;0.0
3.7368684342171085e-07;0.0
3.741870935467734e-07;0.00201005
3.746873436718359e-07;0.00201005
3.7518759379689846e-07;0.0
3.75687843921961e-07;0.0
3.761880940470235e-07;-0.00201005
3.7668834417208607e-07;-0.0040201
3.7718859429714857e-07;-0.0040201
3.776888444222111e-07;-0.006030150000000001
3.781890945472736e-07;-0.006030150000000001
3.786893446723362e-07;-0.0040201
3.7918959479739873e-07;-0.00201005
3.7968984492246123e-07;0.0
3.801900950475238e-07;0.00201005
3.806903451725863e-07;0.0040201
3.8119059529764884e-07;0.0040201
3.816908454227114e-07;0.0040201
3.821910955477739e-07;0.0040201
3.8269134567283644e-07;0.00201005
3.8319159579789894e-07;0.00201005
3.836918459229615e-07;0.0
3.84192096048024e-07;0.0
3.8469234617308655e-07;0.0
3.851925962981491e-07;0.0
3.856928464232116e-07;0.0
3.8619309654827416e-07;0.0
3.8669334667333666e-07;-0.00201005
3.871935967983992e-07;-0.00201005
3.8769384692346176e-07;-0.0040201
3.8819409704852426e-07;-0.0040201
3.886943471735868e-07;-0.006030150000000001
3.891945972986493e-07;-0.006030150000000001
3.8969484742371187e-07;-0.006030150000000001
3.901950975487744e-07;-0.006030150000000001
3.906953476738369e-07;-0.0040201
3.911955977988995e-07;-0.00201005
3.91695847923962e-07;0.0
3.9219609804902453e-07;0.0
3.9269634817408703e-07;0.0
3.931965982991496e-07;0.0
3.9369684842421214e-07;-0.00201005
3.9419709854927464e-07;-0.0040201
3.946973486743372e-07;-0.006030150000000001
3.951975987993997e-07;-0.0080402
3.9569784892446225e-07;-0.0080402
3.961980990495248e-07;-0.006030150000000001
3.966983491745873e-07;-0.006030150000000001
3.9719859929964985e-07;-0.0040201
3.9769884942471235e-07;-0.0040201
3.981990995497749e-07;-0.0040201
3.986993496748374e-07;-0.0040201
3.9919959979989996e-07;-0.0040201
3.996998499249625e-07;-0.0040201
4.00200100050025e-07;-0.0040201
4.0070035017508757e-07;-0.0040201
4.0120060030015007e-07;-0.00201005
4.017008504252126e-07;0.0
4.022011005502752e-07;0.0
4.027013506753377e-07;0.0
4.0320160080040023e-07;0.0
4.0370185092546273e-07;0.0
4.042021010505253e-07;0.0
4.047023511755878e-07;-0.00201005
4.0520260130065034e-07;-0.00201005
4.057028514257129e-07;-0.0040201
4.062031015507754e-07;-0.0040201
4.0670335167583794e-07;-0.006030150000000001
4.0720360180090044e-07;-0.006030150000000001
4.07703851925963e-07;-0.006030150000000001
4.0820410205102555e-07;-0.0040201
4.0870435217608805e-07;-0.00201005
4.092046023011506e-07;0.0
4.097048524262131e-07;0.0
4.1020510255127566e-07;0.0
4.1070535267633816e-07;-0.00201005
4.112056028014007e-07;-0.0040201
4.1170585292646326e-07;-0.0040201
4.1220610305152576e-07;-0.0040201
4.127063531765883e-07;-0.0040201
4.132066033016508e-07;-0.0040201
4.1370685342671337e-07;-0.0040201
4.142071035517759e-07;-0.0040201
4.147073536768384e-07;-0.0040201
4.15207603801901e-07;-0.006030150000000001
4.157078539269635e-07;-0.006030150000000001
4.1620810405202603e-07;-0.006030150000000001
4.1670835417708853e-07;-0.0040201
4.172086043021511e-07;-0.0040201
4.1770885442721364e-07;-0.0040201
4.1820910455227614e-07;-0.0040201
4.187093546773387e-07;-0.0040201
4.192096048024012e-07;-0.0040201
4.1970985492746375e-07;-0.0040201
4.202101050525263e-07;-0.0040201
4.207103551775888e-07;-0.00201005
4.2121060530265135e-07;-0.00201005
4.2171085542771385e-07;-0.00201005
4.222111055527764e-07;-0.0040201
4.227113556778389e-07;-0.0040201
4.2321160580290146e-07;-0.006030150000000001
4.23711855927964e-07;-0.006030150000000001
4.242121060530265e-07;-0.0040201
4.2471235617808907e-07;-0.00201005
4.2521260630315157e-07;0.0
4.257128564282141e-07;0.00201005
4.262131065532767e-07;0.0040201
4.267133566783392e-07;0.0040201
4.2721360680340173e-07;0.0040201
4.2771385692846423e-07;0.0040201
4.282141070535268e-07;0.0040201
4.287143571785893e-07;0.0040201
4.2921460730365183e-07;0.0040201
4.297148574287144e-07;0.006030150000000001
4.302151075537769e-07;0.0040201
4.3071535767883944e-07;0.0040201
4.3121560780390194e-07;0.0040201
4.317158579289645e-07;0.00201005
4.3221610805402705e-07;0.0
4.3271635817908955e-07;0.0
4.332166083041521e-07;0.0
4.337168584292146e-07;0.0
4.3421710855427716e-07;0.0
4.3471735867933966e-07;0.0
4.352176088044022e-07;-0.00201005
4.3571785892946476e-07;-0.00201005
4.3621810905452726e-07;-0.00201005
4.367183591795898e-07;-0.0040201
4.372186093046523e-07;-0.00201005
4.3771885942971487e-07;-0.00201005
4.382191095547774e-07;-0.00201005
4.387193596798399e-07;-0.00201005
4.392196098049025e-07;-0.00201005
4.39719859929965e-07;-0.00201005
4.4022011005502753e-07;-0.00201005
4.4072036018009003e-07;0.0
4.412206103051526e-07;0.00201005
4.4172086043021514e-07;0.0040201
4.4222111055527764e-07;0.006030150000000001
4.427213606803402e-07;0.006030150000000001
4.432216108054027e-07;0.006030150000000001
4.4372186093046525e-07;0.00201005
4.442221110555278e-07;-0.00201005
4.447223611805903e-07;-0.0040201
4.4522261130565285e-07;-0.006030150000000001
4.4572286143071535e-07;-0.006030150000000001
4.462231115557779e-07;-0.006030150000000001
4.467233616808404e-07;-0.0040201
4.4722361180590296e-07;-0.0040201
4.477238619309655e-07;-0.0040201
4.48224112056028e-07;-0.0040201
4.4872436218109057e-07;-0.006030150000000001
4.4922461230615307e-07;-0.0080402
4.497248624312156e-07;-0.0080402
4.502251125562782e-07;-0.006030150000000001
4.507253626813407e-07;-0.0040201
4.5122561280640323e-07;0.0
4.5172586293146573e-07;0.0040201
4.522261130565283e-07;0.0080402
4.5272636318159083e-07;0.0080402
4.5322661330665333e-07;0.0080402
4.537268634317159e-07;0.0040201
4.542271135567784e-07;-0.00201005
4.5472736368184094e-07;-0.006030150000000001
4.5522761380690344e-07;-0.01005025
4.55727863931966e-07;-0.012060300000000001
4.5622811405702855e-07;-0.014070350000000002
4.5672836418209105e-07;-0.012060300000000001
4.572286143071536e-07;-0.01005025
4.577288644322161e-07;-0.0080402
4.5822911455727866e-07;-0.006030150000000001
4.587293646823412e-07;-0.0040201
4.592296148074037e-07;-0.0040201
4.5972986493246626e-07;-0.00201005
4.6023011505752876e-07;-0.00201005
4.607303651825913e-07;-0.00201005
4.612306153076538e-07;-0.00201005
4.6173086543271637e-07;-0.00201005
4.622311155577789e-07;-0.00201005
4.627313656828414e-07;-0.00201005
4.63231615807904e-07;-0.00201005
4.637318659329665e-07;0.0
4.6423211605802903e-07;0.0
4.647323661830916e-07;0.00201005
4.652326163081541e-07;0.00201005
4.6573286643321664e-07;0.00201005
4.6623311655827914e-07;0.00201005
4.667333666833417e-07;0.0
4.672336168084042e-07;0.0
4.6773386693346675e-07;0.0
4.682341170585293e-07;0.0
4.687343671835918e-07;0.0
4.6923461730865435e-07;0.0
4.6973486743371685e-07;0.0
4.702351175587794e-07;0.0
4.7073536768384196e-07;-0.00201005
4.7123561780890446e-07;-0.0040201
4.71735867933967e-07;-0.006030150000000001
4.722361180590295e-07;-0.0080402
4.7273636818409207e-07;-0.01005025
4.7323661830915457e-07;-0.01005025
4.737368684342171e-07;-0.0080402
4.7423711855927967e-07;-0.006030150000000001
4.747373686843422e-07;-0.0040201
4.7523761880940473e-07;-0.00201005
4.7573786893446723e-07;-0.00201005
4.762381190595298e-07;0.0
4.7673836918459233e-07;0.0
4.772386193096549e-07;0.0
4.777388694347174e-07;-0.00201005
4.782391195597799e-07;-0.0040201
4.787393696848424e-07;-0.0040201
4.79239619809905e-07;-0.0040201
4.797398699349675e-07;-0.0040201
4.8024012006003e-07;-0.00201005
4.807403701850926e-07;-0.00201005
4.812406203101551e-07;-0.00201005
4.817408704352176e-07;-0.00201005
4.822411205602801e-07;-0.00201005
4.827413706853427e-07;-0.0040201
4.832416208104052e-07;-0.0040201
4.837418709354677e-07;-0.0040201
4.842421210605303e-07;-0.0040201
4.847423711855928e-07;-0.0040201
4.852426213106553e-07;-0.0040201
4.857428714357179e-07;-0.006030150000000001
4.862431215607804e-07;-0.006030150000000001
4.867433716858429e-07;-0.0040201
4.872436218109054e-07;-0.0040201
4.87743871935968e-07;-0.00201005
4.882441220610305e-07;0.0
4.88744372186093e-07;0.00201005
4.892446223111556e-07;0.00201005
4.897448724362181e-07;0.00201005
4.902451225612806e-07;0.0040201
4.907453726863431e-07;0.0040201
4.912456228114057e-07;0.00201005
4.917458729364682e-07;0.00201005
4.922461230615307e-07;0.00201005
4.927463731865934e-07;0.0
4.932466233116559e-07;0.0
4.937468734367184e-07;0.0
4.942471235617809e-07;0.0
4.947473736868435e-07;0.0
4.95247623811906e-07;0.0
4.957478739369685e-07;0.00201005
4.962481240620311e-07;0.00201005
4.967483741870936e-07;0.00201005
4.972486243121561e-07;0.00201005
4.977488744372187e-07;0.00201005
4.982491245622812e-07;0.00201005
4.987493746873437e-07;0.0080402
4.992496248124062e-07;0.01809045
4.997498749374688e-07;0.03819095
5.002501250625313e-07;0.06633165
5.007503751875938e-07;0.09648240000000001
5.012506253126564e-07;0.12060300000000002
5.017508754377189e-07;0.13467335000000002
5.022511255627814e-07;0.13467335000000002
5.027513756878439e-07;0.12261305000000002
5.032516258129065e-07;0.10251255000000001
5.03751875937969e-07;0.080402
5.042521260630315e-07;0.0643216
5.047523761880941e-07;0.05427135
5.052526263131566e-07;0.050251250000000004
5.057528764382191e-07;0.048241200000000005
5.062531265632816e-07;0.048241200000000005
5.067533766883442e-07;0.046231150000000006
5.072536268134067e-07;0.044221100000000006
5.077538769384692e-07;0.04221105000000001
5.082541270635318e-07;0.040201
5.087543771885943e-07;0.04221105000000001
5.092546273136568e-07;0.04221105000000001
5.097548774387194e-07;0.044221100000000006
5.102551275637819e-07;0.044221100000000006
5.107553776888444e-07;0.046231150000000006
5.112556278139069e-07;0.044221100000000006
5.117558779389695e-07;0.044221100000000006
5.12256128064032e-07;0.04221105000000001
5.127563781890945e-07;0.040201
5.132566283141571e-07;0.03819095
5.137568784392196e-07;0.03819095
5.142571285642821e-07;0.0361809
5.147573786893446e-07;0.0361809
5.152576288144072e-07;0.03819095
5.157578789394697e-07;0.03819095
5.162581290645322e-07;0.040201
5.167583791895949e-07;0.040201
5.172586293146574e-07;0.04221105000000001
5.177588794397199e-07;0.04221105000000001
5.182591295647825e-07;0.04221105000000001
5.18759379689845e-07;0.04221105000000001
5.192596298149075e-07;0.040201
5.1975987993997e-07;0.03819095
5.202601300650326e-07;0.03417085
5.207603801900951e-07;0.030150750000000004
5.212606303151576e-07;0.028140700000000005
5.217608804402202e-07;0.028140700000000005
5.222611305652827e-07;0.026130650000000002
5.227613806903452e-07;0.028140700000000005
5.232616308154077e-07;0.028140700000000005
5.237618809404703e-07;0.028140700000000005
5.242621310655328e-07;0.030150750000000004
5.247623811905953e-07;0.030150750000000004
5.252626313156579e-07;0.028140700000000005
5.257628814407204e-07;0.028140700000000005
5.262631315657829e-07;0.028140700000000005
5.267633816908454e-07;0.026130650000000002
5.27263631815908e-07;0.026130650000000002
5.277638819409705e-07;0.026130650000000002
5.28264132066033e-07;0.026130650000000002
5.287643821910956e-07;0.024120600000000002
5.292646323161581e-07;0.024120600000000002
5.297648824412206e-07;0.026130650000000002
5.302651325662832e-07;0.026130650000000002
5.307653826913457e-07;0.026130650000000002
5.312656328164082e-07;0.026130650000000002
5.317658829414707e-07;0.026130650000000002
5.322661330665333e-07;0.024120600000000002
5.327663831915958e-07;0.022110550000000003
5.332666333166583e-07;0.0201005
5.337668834417209e-07;0.01809045
5.342671335667834e-07;0.014070350000000002
5.347673836918459e-07;0.014070350000000002
5.352676338169084e-07;0.012060300000000001
5.35767883941971e-07;0.014070350000000002
5.362681340670335e-07;0.0160804
5.36768384192096e-07;0.01809045
5.372686343171586e-07;0.0201005
5.377688844422211e-07;0.022110550000000003
5.382691345672836e-07;0.022110550000000003
5.387693846923461e-07;0.022110550000000003
5.392696348174087e-07;0.0201005
5.397698849424712e-07;0.01809045
5.402701350675337e-07;0.0160804
5.407703851925964e-07;0.0160804
5.412706353176589e-07;0.0160804
5.417708854427214e-07;0.01809045
5.42271135567784e-07;0.01809045
5.427713856928465e-07;0.0201005
5.43271635817909e-07;0.022110550000000003
5.437718859429715e-07;0.024120600000000002
5.442721360680341e-07;0.026130650000000002
5.447723861930966e-07;0.026130650000000002
5.452726363181591e-07;0.026130650000000002
5.457728864432217e-07;0.024120600000000002
5.462731365682842e-07;0.024120600000000002
5.467733866933467e-07;0.022110550000000003
5.472736368184092e-07;0.0201005
5.477738869434718e-07;0.01809045
5.482741370685343e-07;0.01809045
5.487743871935968e-07;0.01809045
5.492746373186594e-07;0.01809045
5.497748874437219e-07;0.0201005
5.502751375687844e-07;0.022110550000000003
5.507753876938469e-07;0.024120600000000002
5.512756378189095e-07;0.026130650000000002
5.51775887943972e-07;0.024120600000000002
5.522761380690345e-07;0.024120600000000002
5.527763881940971e-07;0.022110550000000003
5.532766383191596e-07;0.0201005
5.537768884442221e-07;0.01809045
5.542771385692847e-07;0.0160804
5.547773886943472e-07;0.01809045
5.552776388194097e-07;0.01809045
5.557778889444722e-07;0.0201005
5.562781390695348e-07;0.0201005
5.567783891945973e-07;0.0201005
5.572786393196598e-07;0.0201005
5.577788894447224e-07;0.0201005
5.582791395697849e-07;0.01809045
5.587793896948474e-07;0.01809045
5.592796398199099e-07;0.01809045
5.597798899449725e-07;0.01809045
5.60280140070035e-07;0.01809045
5.607803901950975e-07;0.0160804
5.612806403201601e-07;0.014070350000000002
5.617808904452226e-07;0.012060300000000001
5.622811405702851e-07;0.012060300000000001
5.627813906953476e-07;0.01005025
5.632816408204102e-07;0.01005025
5.637818909454727e-07;0.01005025
5.642821410705352e-07;0.012060300000000001
5.647823911955979e-07;0.012060300000000001
5.652826413206604e-07;0.012060300000000001
5.657828914457229e-07;0.014070350000000002
5.662831415707855e-07;0.014070350000000002
5.66783391695848e-07;0.014070350000000002
5.672836418209105e-07;0.012060300000000001
5.67783891945973e-07;0.012060300000000001
5.682841420710356e-07;0.01005025
5.687843921960981e-07;0.0080402
5.692846423211606e-07;0.0040201
5.697848924462232e-07;0.00201005
5.702851425712857e-07;0.0
5.707853926963482e-07;-0.00201005
5.712856428214107e-07;-0.00201005
5.717858929464733e-07;0.0
5.722861430715358e-07;0.00201005
5.727863931965983e-07;0.0040201
5.732866433216609e-07;0.006030150000000001
5.737868934467234e-07;0.01005025
5.742871435717859e-07;0.014070350000000002
5.747873936968484e-07;0.0160804
5.75287643821911e-07;0.01809045
5.757878939469735e-07;0.01809045
5.76288144072036e-07;0.01809045
5.767883941970986e-07;0.0160804
5.772886443221611e-07;0.014070350000000002
5.777888944472236e-07;0.012060300000000001
5.782891445722862e-07;0.01005025
5.787893946973487e-07;0.0080402
5.792896448224112e-07;0.0080402
5.797898949474737e-07;0.006030150000000001
5.802901450725363e-07;0.006030150000000001
5.807903951975988e-07;0.006030150000000001
5.812906453226613e-07;0.006030150000000001
5.817908954477239e-07;0.006030150000000001
5.822911455727864e-07;0.006030150000000001
5.827913956978489e-07;0.006030150000000001
5.832916458229114e-07;0.0040201
5.83791895947974e-07;0.0040201
5.842921460730365e-07;0.0040201
5.84792396198099e-07;0.0040201
5.852926463231616e-07;0.0040201
5.857928964482241e-07;0.0040201
5.862931465732866e-07;0.0040201
5.867933966983492e-07;0.006030150000000001
5.872936468234117e-07;0.006030150000000001
5.877938969484742e-07;0.0040201
5.882941470735367e-07;0.0040201
5.887943971985994e-07;0.0040201
5.892946473236619e-07;0.0040201
5.897948974487244e-07;0.0040201
5.90295147573787e-07;0.0040201
5.907953976988495e-07;0.0040201
5.91295647823912e-07;0.0040201
5.917958979489745e-07;0.0040201
5.922961480740371e-07;0.0040201
5.927963981990996e-07;0.0040201
5.932966483241621e-07;0.0040201
5.937968984492247e-07;0.006030150000000001
5.942971485742872e-07;0.006030150000000001
5.947973986993497e-07;0.006030150000000001
5.952976488244122e-07;0.006030150000000001
5.957978989494748e-07;0.0040201
5.962981490745373e-07;0.0040201
5.967983991995998e-07;0.0040201
5.972986493246624e-07;0.0040201
5.977988994497249e-07;0.0040201
5.982991495747874e-07;0.0040201
5.9879939969985e-07;0.006030150000000001
5.992996498249125e-07;0.006030150000000001
5.99799899949975e-07;0.006030150000000001
6.003001500750375e-07;0.0080402
6.008004002001001e-07;0.006030150000000001
6.013006503251626e-07;0.006030150000000001
6.018009004502251e-07;0.006030150000000001
6.023011505752877e-07;0.0040201
6.028014007003502e-07;0.0040201
6.033016508254127e-07;0.0040201
6.038019009504752e-07;0.006030150000000001
6.043021510755378e-07;0.0080402
6.048024012006003e-07;0.01005025
6.053026513256628e-07;0.012060300000000001
6.058029014507254e-07;0.014070350000000002
6.063031515757879e-07;0.014070350000000002
6.068034017008504e-07;0.012060300000000001
6.073036518259129e-07;0.012060300000000001
6.078039019509755e-07;0.01005025
6.08304152076038e-07;0.0080402
6.088044022011005e-07;0.0080402
6.093046523261631e-07;0.006030150000000001
6.098049024512256e-07;0.006030150000000001
6.103051525762881e-07;0.006030150000000001
6.108054027013507e-07;0.006030150000000001
6.113056528264132e-07;0.0040201
6.118059029514757e-07;0.0040201
6.123061530765382e-07;0.0040201
6.128064032016009e-07;0.006030150000000001
6.133066533266634e-07;0.006030150000000001
6.138069034517259e-07;0.0080402
6.143071535767885e-07;0.0080402
6.14807403701851e-07;0.0080402
6.153076538269135e-07;0.0080402
6.15807903951976e-07;0.0080402
6.163081540770386e-07;0.006030150000000001
6.168084042021011e-07;0.006030150000000001
6.173086543271636e-07;0.0040201
6.178089044522262e-07;0.00201005
6.183091545772887e-07;0.00201005
6.188094047023512e-07;0.0
6.193096548274137e-07;0.0
6.198099049524763e-07;0.0
6.203101550775388e-07;0.0
6.208104052026013e-07;0.00201005
6.213106553276639e-07;0.0040201
6.218109054527264e-07;0.0040201
6.223111555777889e-07;0.0040201
6.228114057028515e-07;0.0040201
6.23311655827914e-07;0.00201005
6.238119059529765e-07;0.0
6.24312156078039e-07;-0.00201005
6.248124062031016e-07;-0.0040201
6.253126563281641e-07;-0.0040201
6.258129064532266e-07;-0.00201005
6.263131565782892e-07;0.0
6.268134067033517e-07;0.0
6.273136568284142e-07;0.00201005
6.278139069534767e-07;0.0040201
6.283141570785393e-07;0.0040201
6.288144072036018e-07;0.006030150000000001
6.293146573286643e-07;0.006030150000000001
6.298149074537269e-07;0.006030150000000001
6.303151575787894e-07;0.006030150000000001
6.308154077038519e-07;0.006030150000000001
6.313156578289144e-07;0.0040201
6.31815907953977e-07;0.00201005
6.323161580790395e-07;0.00201005
6.32816408204102e-07;0.00201005
6.333166583291646e-07;0.0040201
6.338169084542271e-07;0.006030150000000001
6.343171585792896e-07;0.006030150000000001
6.348174087043522e-07;0.0080402
6.353176588294147e-07;0.0080402
6.358179089544772e-07;0.006030150000000001
6.363181590795397e-07;0.006030150000000001
6.368184092046024e-07;0.006030150000000001
6.373186593296649e-07;0.0040201
6.378189094547274e-07;0.0040201
6.3831915957979e-07;0.0040201
6.388194097048525e-07;0.0040201
6.39319659829915e-07;0.0040201
6.398199099549775e-07;0.0040201
6.403201600800401e-07;0.0040201
6.408204102051026e-07;0.006030150000000001
6.413206603301651e-07;0.0040201
6.418209104552277e-07;0.0040201
6.423211605802902e-07;0.0040201
6.428214107053527e-07;0.00201005
6.433216608304153e-07;0.0
6.438219109554778e-07;0.0
6.443221610805403e-07;0.0
6.448224112056028e-07;0.00201005
6.453226613306654e-07;0.0040201
6.458229114557279e-07;0.006030150000000001
6.463231615807904e-07;0.006030150000000001
6.46823411705853e-07;0.006030150000000001
6.473236618309155e-07;0.006030150000000001
6.47823911955978e-07;0.0040201
6.483241620810405e-07;0.00201005
6.488244122061031e-07;0.00201005
6.493246623311656e-07;0.0
6.498249124562281e-07;0.0
6.503251625812907e-07;0.0
6.508254127063532e-07;-0.00201005
6.513256628314157e-07;-0.00201005
6.518259129564782e-07;-0.00201005
6.523261630815408e-07;0.0
6.528264132066033e-07;0.0
6.533266633316658e-07;0.0
6.538269134567284e-07;0.0
6.543271635817909e-07;0.0
6.548274137068534e-07;0.0
6.55327663831916e-07;0.00201005
6.558279139569785e-07;0.00201005
6.56328164082041e-07;0.0040201
6.568284142071035e-07;0.006030150000000001
6.573286643321661e-07;0.0080402
6.578289144572286e-07;0.01005025
6.583291645822911e-07;0.0080402
6.588294147073537e-07;0.006030150000000001
6.593296648324162e-07;0.00201005
6.598299149574787e-07;0.0
6.603301650825412e-07;-0.00201005
6.608304152076038e-07;-0.00201005
6.613306653326664e-07;-0.00201005
6.618309154577289e-07;0.0
6.623311655827915e-07;0.0
6.62831415707854e-07;0.00201005
6.633316658329165e-07;0.00201005
6.63831915957979e-07;0.0
6.643321660830416e-07;0.0
6.648324162081041e-07;0.0
6.653326663331666e-07;0.0
6.658329164582292e-07;0.0
6.663331665832917e-07;0.0
6.668334167083542e-07;0.0
6.673336668334168e-07;0.0
6.678339169584793e-07;-0.00201005
6.683341670835418e-07;-0.00201005
6.688344172086043e-07;-0.0040201
6.693346673336669e-07;-0.0040201
6.698349174587294e-07;-0.00201005
6.703351675837919e-07;-0.00201005
6.708354177088545e-07;0.0
6.71335667833917e-07;0.0
6.718359179589795e-07;0.0
6.72336168084042e-07;0.0
6.728364182091046e-07;0.0
6.733366683341671e-07;-0.00201005
6.738369184592296e-07;-0.0040201
6.743371685842922e-07;-0.006030150000000001
6.748374187093547e-07;-0.006030150000000001
6.753376688344172e-07;-0.006030150000000001
6.758379189594797e-07;-0.006030150000000001
6.763381690845423e-07;-0.006030150000000001
6.768384192096048e-07;-0.0040201
6.773386693346673e-07;-0.0040201
6.778389194597299e-07;-0.0040201
6.783391695847924e-07;-0.0040201
6.788394197098549e-07;-0.0040201
6.793396698349175e-07;-0.0040201
6.7983991995998e-07;-0.0040201
6.803401700850425e-07;-0.0040201
6.80840420210105e-07;-0.0040201
6.813406703351676e-07;-0.0040201
6.818409204602301e-07;-0.0040201
6.823411705852926e-07;-0.0040201
6.828414207103552e-07;-0.0040201
6.833416708354177e-07;-0.0040201
6.838419209604802e-07;-0.0040201
6.843421710855427e-07;-0.006030150000000001
6.848424212106053e-07;-0.006030150000000001
6.853426713356679e-07;-0.006030150000000001
6.858429214607304e-07;-0.006030150000000001
6.86343171585793e-07;-0.006030150000000001
6.868434217108555e-07;-0.0040201
6.87343671835918e-07;-0.00201005
6.878439219609805e-07;-0.00201005
6.883441720860431e-07;0.0
6.888444222111056e-07;0.0
6.893446723361681e-07;0.0
6.898449224612307e-07;-0.00201005
6.903451725862932e-07;-0.00201005
6.908454227113557e-07;-0.0040201
6.913456728364183e-07;-0.006030150000000001
6.918459229614808e-07;-0.006030150000000001
6.923461730865433e-07;-0.006030150000000001
6.928464232116058e-07;-0.006030150000000001
6.933466733366684e-07;-0.0040201
6.938469234617309e-07;-0.006030150000000001
6.943471735867934e-07;-0.006030150000000001
6.94847423711856e-07;-0.006030150000000001
6.953476738369185e-07;-0.006030150000000001
6.95847923961981e-07;-0.0040201
6.963481740870435e-07;-0.0040201
6.968484242121061e-07;-0.0040201
6.973486743371686e-07;-0.00201005
6.978489244622311e-07;-0.00201005
6.983491745872937e-07;-0.00201005
6.988494247123562e-07;-0.00201005
6.993496748374187e-07;-0.00201005
6.998499249624812e-07;-0.00201005
7.003501750875438e-07;-0.00201005
7.008504252126063e-07;-0.0040201
7.013506753376688e-07;-0.0040201
7.018509254627314e-07;-0.0040201
7.023511755877939e-07;-0.0040201
7.028514257128564e-07;-0.0040201
7.03351675837919e-07;-0.006030150000000001
7.038519259629815e-07;-0.0040201
7.04352176088044e-07;-0.00201005
7.048524262131065e-07;0.0
7.053526763381691e-07;0.00201005
7.058529264632316e-07;0.0040201
7.063531765882941e-07;0.006030150000000001
7.068534267133567e-07;0.0080402
7.073536768384192e-07;0.006030150000000001
7.078539269634817e-07;0.0040201
7.083541770885442e-07;0.00201005
7.088544272136068e-07;0.0
7.093546773386693e-07;-0.00201005
7.098549274637319e-07;0.0
7.103551775887945e-07;0.00201005
7.10855427713857e-07;0.0040201
7.113556778389195e-07;0.006030150000000001
7.118559279639821e-07;0.0080402
7.123561780890446e-07;0.01005025
7.128564282141071e-07;0.0080402
7.133566783391696e-07;0.0080402
7.138569284642322e-07;0.006030150000000001
7.143571785892947e-07;0.0040201
7.148574287143572e-07;0.00201005
7.153576788394198e-07;0.0
7.158579289644823e-07;0.0
7.163581790895448e-07;0.0
7.168584292146073e-07;0.0
7.173586793396699e-07;-0.00201005
7.178589294647324e-07;-0.00201005
7.183591795897949e-07;-0.00201005
7.188594297148575e-07;-0.00201005
7.1935967983992e-07;-0.00201005
7.198599299649825e-07;-0.00201005
7.20360180090045e-07;-0.00201005
7.208604302151076e-07;-0.0040201
7.213606803401701e-07;-0.0040201
7.218609304652326e-07;-0.0040201
7.223611805902952e-07;-0.006030150000000001
7.228614307153577e-07;-0.006030150000000001
7.233616808404202e-07;-0.006030150000000001
7.238619309654828e-07;-0.0040201
7.243621810905453e-07;-0.00201005
7.248624312156078e-07;0.0
7.253626813406703e-07;0.00201005
7.258629314657329e-07;0.00201005
7.263631815907954e-07;0.00201005
7.268634317158579e-07;0.00201005
7.273636818409205e-07;0.0
7.27863931965983e-07;0.0
7.283641820910455e-07;0.0
7.28864432216108e-07;0.0
7.293646823411706e-07;0.0
7.298649324662331e-07;0.0
7.303651825912956e-07;-0.00201005
7.308654327163582e-07;-0.00201005
7.313656828414207e-07;-0.0040201
7.318659329664832e-07;-0.0040201
7.323661830915457e-07;-0.00201005
7.328664332166083e-07;-0.00201005
7.333666833416708e-07;-0.00201005
7.338669334667333e-07;-0.00201005
7.34367183591796e-07;-0.00201005
7.348674337168585e-07;-0.0040201
7.35367683841921e-07;-0.0040201
7.358679339669836e-07;-0.006030150000000001
7.363681840920461e-07;-0.006030150000000001
7.368684342171086e-07;-0.006030150000000001
7.373686843421711e-07;-0.0080402
7.378689344672337e-07;-0.0080402
7.383691845922962e-07;-0.0080402
7.388694347173587e-07;-0.006030150000000001
7.393696848424213e-07;-0.006030150000000001
7.398699349674838e-07;-0.0040201
7.403701850925463e-07;-0.00201005
7.408704352176088e-07;-0.00201005
7.413706853426714e-07;-0.00201005
7.418709354677339e-07;-0.0040201
7.423711855927964e-07;-0.0040201
7.42871435717859e-07;-0.0040201
7.433716858429215e-07;-0.00201005
7.43871935967984e-07;0.0
7.443721860930465e-07;0.00201005
7.448724362181091e-07;0.00201005
7.453726863431716e-07;0.0
7.458729364682341e-07;0.0
7.463731865932967e-07;-0.00201005
7.468734367183592e-07;-0.00201005
7.473736868434217e-07;-0.00201005
7.478739369684843e-07;-0.00201005
7.483741870935468e-07;-0.00201005
7.488744372186093e-07;0.0
7.493746873436718e-07;0.0
7.498749374687344e-07;0.0
7.503751875937969e-07;0.0
7.508754377188594e-07;0.0
7.51375687843922e-07;0.0
7.518759379689845e-07;0.0
7.52376188094047e-07;0.0
7.528764382191095e-07;0.0
7.533766883441721e-07;0.0
7.538769384692346e-07;0.0
7.543771885942971e-07;0.0
7.548774387193597e-07;-0.00201005
7.553776888444222e-07;-0.0040201
7.558779389694847e-07;-0.006030150000000001
7.563781890945472e-07;-0.0080402
7.568784392196098e-07;-0.0080402
7.573786893446723e-07;-0.0080402
7.578789394697348e-07;-0.006030150000000001
7.583791895947975e-07;-0.006030150000000001
7.5887943971986e-07;-0.0040201
7.593796898449225e-07;-0.0040201
7.598799399699851e-07;-0.0040201
7.603801900950476e-07;-0.00201005
7.608804402201101e-07;-0.00201005
7.613806903451726e-07;-0.00201005
7.618809404702352e-07;0.0
7.623811905952977e-07;0.00201005
7.628814407203602e-07;0.0040201
7.633816908454228e-07;0.006030150000000001
7.638819409704853e-07;0.006030150000000001
7.643821910955478e-07;0.006030150000000001
7.648824412206103e-07;0.00201005
7.653826913456729e-07;0.0
7.658829414707354e-07;-0.0040201
7.663831915957979e-07;-0.006030150000000001
7.668834417208605e-07;-0.006030150000000001
7.67383691845923e-07;-0.006030150000000001
7.678839419709855e-07;-0.0040201
7.68384192096048e-07;-0.0040201
7.688844422211106e-07;-0.00201005
7.693846923461731e-07;-0.00201005
7.698849424712356e-07;-0.00201005
7.703851925962982e-07;-0.0040201
7.708854427213607e-07;-0.0040201
7.713856928464232e-07;-0.0040201
7.718859429714858e-07;-0.0040201
7.723861930965483e-07;-0.0040201
7.728864432216108e-07;-0.00201005
7.733866933466733e-07;-0.00201005
7.738869434717359e-07;-0.00201005
7.743871935967984e-07;0.0
7.748874437218609e-07;0.0
7.753876938469235e-07;0.00201005
7.75887943971986e-07;0.00201005
7.763881940970485e-07;0.0
7.76888444222111e-07;0.0
7.773886943471736e-07;-0.00201005
7.778889444722361e-07;-0.00201005
7.783891945972986e-07;-0.0040201
7.788894447223612e-07;-0.0040201
7.793896948474237e-07;-0.0040201
7.798899449724862e-07;-0.00201005
7.803901950975488e-07;-0.00201005
7.808904452226113e-07;-0.00201005
7.813906953476738e-07;-0.00201005
7.818909454727363e-07;-0.0040201
7.82391195597799e-07;-0.0040201
7.828914457228615e-07;-0.006030150000000001
7.83391695847924e-07;-0.0080402
7.838919459729866e-07;-0.0080402
7.843921960980491e-07;-0.0080402
7.848924462231116e-07;-0.006030150000000001
7.853926963481741e-07;-0.0040201
7.858929464732367e-07;-0.00201005
7.863931965982992e-07;0.00201005
7.868934467233617e-07;0.00201005
7.873936968484243e-07;0.00201005
7.878939469734868e-07;0.00201005
7.883941970985493e-07;0.0
7.888944472236118e-07;-0.00201005
7.893946973486744e-07;-0.0040201
7.898949474737369e-07;-0.006030150000000001
7.903951975987994e-07;-0.006030150000000001
7.90895447723862e-07;-0.006030150000000001
7.913956978489245e-07;-0.006030150000000001
7.91895947973987e-07;-0.0040201
7.923961980990496e-07;-0.0040201
7.928964482241121e-07;-0.0040201
7.933966983491746e-07;-0.00201005
7.938969484742371e-07;-0.00201005
7.943971985992997e-07;-0.00201005
7.948974487243622e-07;-0.00201005
7.953976988494247e-07;-0.00201005
7.958979489744873e-07;-0.00201005
7.963981990995498e-07;-0.0040201
7.968984492246123e-07;-0.0040201
7.973986993496748e-07;-0.0040201
7.978989494747374e-07;-0.0040201
7.983991995997999e-07;-0.00201005
7.988994497248624e-07;-0.00201005
7.99399699849925e-07;0.0
7.998999499749875e-07;0.00201005
8.0040020010005e-07;0.0
8.009004502251125e-07;0.0
8.014007003501751e-07;0.0
8.019009504752376e-07;-0.00201005
8.024012006003001e-07;-0.00201005
8.029014507253627e-07;-0.00201005
8.034017008504252e-07;-0.00201005
8.039019509754877e-07;0.0
8.044022011005503e-07;0.0
8.049024512256128e-07;0.0
8.054027013506753e-07;0.0
8.059029514757378e-07;0.0
8.064032016008005e-07;0.00201005
8.06903451725863e-07;0.00201005
8.074037018509255e-07;0.00201005
8.079039519759881e-07;0.00201005
8.084042021010506e-07;0.00201005
8.089044522261131e-07;0.0
8.094047023511756e-07;-0.00201005
8.099049524762382e-07;-0.0040201
8.104052026013007e-07;-0.006030150000000001
8.109054527263632e-07;-0.006030150000000001
8.114057028514258e-07;-0.0040201
8.119059529764883e-07;-0.0040201
8.124062031015508e-07;-0.00201005
8.129064532266133e-07;-0.00201005
8.134067033516759e-07;-0.00201005
8.139069534767384e-07;-0.00201005
8.144072036018009e-07;0.0
8.149074537268635e-07;0.0
8.15407703851926e-07;0.0
8.159079539769885e-07;0.00201005
8.164082041020511e-07;0.00201005
8.169084542271136e-07;0.0
8.174087043521761e-07;-0.00201005
8.179089544772386e-07;-0.00201005
8.184092046023012e-07;-0.0040201
8.189094547273637e-07;-0.006030150000000001
8.194097048524262e-07;-0.006030150000000001
8.199099549774888e-07;-0.0040201
8.204102051025513e-07;-0.00201005
8.209104552276138e-07;-0.00201005
8.214107053526763e-07;0.0
8.219109554777389e-07;0.00201005
8.224112056028014e-07;0.0
8.229114557278639e-07;-0.00201005
8.234117058529265e-07;-0.0040201
8.23911955977989e-07;-0.006030150000000001
8.244122061030515e-07;-0.0080402
8.24912456228114e-07;-0.0080402
8.254127063531766e-07;-0.0080402
8.259129564782391e-07;-0.0080402
8.264132066033016e-07;-0.006030150000000001
8.269134567283642e-07;-0.0040201
8.274137068534267e-07;-0.0040201
8.279139569784892e-07;-0.00201005
8.284142071035518e-07;0.0
8.289144572286143e-07;0.0
8.294147073536768e-07;0.0
8.299149574787393e-07;0.0
8.30415207603802e-07;0.0
8.309154577288645e-07;-0.00201005
8.31415707853927e-07;-0.00201005
8.319159579789896e-07;-0.0040201
8.324162081040521e-07;-0.0040201
8.329164582291146e-07;-0.006030150000000001
8.334167083541771e-07;-0.006030150000000001
8.339169584792397e-07;-0.006030150000000001
8.344172086043022e-07;-0.006030150000000001
8.349174587293647e-07;-0.006030150000000001
8.354177088544273e-07;-0.006030150000000001
8.359179589794898e-07;-0.0040201
8.364182091045523e-07;-0.00201005
8.369184592296149e-07;0.0
8.374187093546774e-07;0.0
8.379189594797399e-07;0.0
8.384192096048024e-07;-0.00201005
8.38919459729865e-07;-0.0040201
8.394197098549275e-07;-0.006030150000000001
8.3991995997999e-07;-0.006030150000000001
8.404202101050526e-07;-0.0080402
8.409204602301151e-07;-0.0080402
8.414207103551776e-07;-0.0080402
8.419209604802401e-07;-0.0080402
8.424212106053027e-07;-0.006030150000000001
8.429214607303652e-07;-0.006030150000000001
8.434217108554277e-07;-0.006030150000000001
8.439219609804903e-07;-0.0040201
8.444222111055528e-07;-0.0040201
8.449224612306153e-07;-0.00201005
8.454227113556778e-07;-0.00201005
8.459229614807404e-07;0.0
8.464232116058029e-07;0.00201005
8.469234617308654e-07;0.00201005
8.47423711855928e-07;0.0
8.479239619809905e-07;-0.00201005
8.48424212106053e-07;-0.0040201
8.489244622311156e-07;-0.006030150000000001
8.494247123561781e-07;-0.0080402
8.499249624812406e-07;-0.006030150000000001
8.504252126063031e-07;-0.006030150000000001
8.509254627313657e-07;-0.0040201
8.514257128564282e-07;-0.0040201
8.519259629814907e-07;-0.006030150000000001
8.524262131065533e-07;-0.0080402
8.529264632316158e-07;-0.01005025
8.534267133566783e-07;-0.012060300000000001
8.539269634817408e-07;-0.014070350000000002
8.544272136068035e-07;-0.012060300000000001
8.54927463731866e-07;-0.012060300000000001
8.554277138569285e-07;-0.01005025
8.559279639819911e-07;-0.01005025
8.564282141070536e-07;-0.0080402
8.569284642321161e-07;-0.006030150000000001
8.574287143571786e-07;-0.0040201
8.579289644822412e-07;-0.0040201
8.584292146073037e-07;-0.0040201
8.589294647323662e-07;-0.00201005
8.594297148574288e-07;-0.00201005
8.599299649824913e-07;-0.00201005
8.604302151075538e-07;-0.00201005
8.609304652326164e-07;-0.00201005
8.614307153576789e-07;-0.00201005
8.619309654827414e-07;-0.00201005
8.624312156078039e-07;-0.00201005
8.629314657328665e-07;0.0
8.63431715857929e-07;0.0
8.639319659829915e-07;0.0
8.644322161080541e-07;0.0
8.649324662331166e-07;-0.00201005
8.654327163581791e-07;-0.00201005
8.659329664832416e-07;-0.0040201
8.664332166083042e-07;-0.006030150000000001
8.669334667333667e-07;-0.006030150000000001
8.674337168584292e-07;-0.0040201
8.679339669834918e-07;-0.0040201
8.684342171085543e-07;-0.00201005
8.689344672336168e-07;-0.00201005
8.694347173586793e-07;0.0
8.699349674837419e-07;0.0
8.704352176088044e-07;0.0
8.709354677338669e-07;0.0
8.714357178589295e-07;0.0
8.71935967983992e-07;0.0
8.724362181090545e-07;0.0
8.729364682341171e-07;-0.00201005
8.734367183591796e-07;-0.00201005
8.739369684842421e-07;-0.0040201
8.744372186093046e-07;-0.006030150000000001
8.749374687343672e-07;-0.006030150000000001
8.754377188594297e-07;-0.006030150000000001
8.759379689844922e-07;-0.006030150000000001
8.764382191095548e-07;-0.006030150000000001
8.769384692346173e-07;-0.006030150000000001
8.774387193596798e-07;-0.0040201
8.779389694847423e-07;-0.00201005
8.78439219609805e-07;-0.00201005
8.789394697348675e-07;0.0
8.7943971985993e-07;0.0
8.799399699849926e-07;0.0
8.804402201100551e-07;0.0
8.809404702351176e-07;0.0
8.814407203601801e-07;0.0
8.819409704852427e-07;0.0
8.824412206103052e-07;0.0
8.829414707353677e-07;0.0
8.834417208604303e-07;0.0
8.839419709854928e-07;0.0
8.844422211105553e-07;0.0
8.849424712356179e-07;-0.00201005
8.854427213606804e-07;-0.00201005
8.859429714857429e-07;-0.0040201
8.864432216108054e-07;-0.006030150000000001
8.86943471735868e-07;-0.0080402
8.874437218609305e-07;-0.0080402
8.87943971985993e-07;-0.0080402
8.884442221110556e-07;-0.006030150000000001
8.889444722361181e-07;-0.0040201
8.894447223611806e-07;-0.00201005
8.899449724862431e-07;0.0
8.904452226113057e-07;0.0
8.909454727363682e-07;0.0
8.914457228614307e-07;-0.00201005
8.919459729864933e-07;-0.00201005
8.924462231115558e-07;-0.00201005
8.929464732366183e-07;-0.0040201
8.934467233616808e-07;-0.0040201
8.939469734867434e-07;-0.0040201
8.944472236118059e-07;-0.0040201
8.949474737368684e-07;-0.0040201
8.95447723861931e-07;-0.0040201
8.959479739869935e-07;-0.0040201
8.96448224112056e-07;-0.0040201
8.969484742371186e-07;-0.0040201
8.974487243621811e-07;-0.00201005
8.979489744872436e-07;0.0
8.984492246123061e-07;0.00201005
8.989494747373687e-07;0.00201005
8.994497248624312e-07;0.0040201
8.999499749874937e-07;0.0040201
9.004502251125563e-07;0.0040201
9.009504752376188e-07;0.00201005
9.014507253626813e-07;0.0
9.019509754877438e-07;0.0
9.024512256128065e-07;-0.00201005
9.02951475737869e-07;-0.00201005
9.034517258629315e-07;-0.00201005
9.039519759879941e-07;0.0
9.044522261130566e-07;0.0
9.049524762381191e-07;0.00201005
9.054527263631817e-07;0.00201005
9.059529764882442e-07;0.00201005
9.064532266133067e-07;0.0
9.069534767383692e-07;0.0
9.074537268634318e-07;-0.00201005
9.079539769884943e-07;-0.00201005
9.084542271135568e-07;-0.00201005
9.089544772386194e-07;-0.0040201
9.094547273636819e-07;-0.00201005
9.099549774887444e-07;-0.00201005
9.104552276138069e-07;-0.00201005
9.109554777388695e-07;0.0
9.11455727863932e-07;0.0
9.119559779889945e-07;0.0
9.124562281140571e-07;0.0
9.129564782391196e-07;0.00201005
9.134567283641821e-07;0.00201005
9.139569784892446e-07;0.0
9.144572286143072e-07;0.0
9.149574787393697e-07;-0.00201005
9.154577288644322e-07;-0.00201005
9.159579789894948e-07;-0.00201005
9.164582291145573e-07;-0.00201005
9.169584792396198e-07;-0.00201005
9.174587293646824e-07;-0.00201005
9.179589794897449e-07;-0.00201005
9.184592296148074e-07;-0.00201005
9.189594797398699e-07;-0.00201005
9.194597298649325e-07;-0.0040201
9.19959979989995e-07;-0.006030150000000001
9.204602301150575e-07;-0.0080402
9.209604802401201e-07;-0.01005025
9.214607303651826e-07;-0.01005025
9.219609804902451e-07;-0.0080402
9.224612306153076e-07;-0.0080402
9.229614807403702e-07;-0.0080402
9.234617308654327e-07;-0.01005025
9.239619809904952e-07;-0.01005025
9.244622311155578e-07;-0.01005025
9.249624812406203e-07;-0.0080402
9.254627313656828e-07;-0.0080402
9.259629814907453e-07;-0.006030150000000001
9.26463231615808e-07;-0.0040201
9.269634817408705e-07;-0.0040201
9.27463731865933e-07;-0.0040201
9.279639819909956e-07;-0.006030150000000001
9.284642321160581e-07;-0.006030150000000001
9.289644822411206e-07;-0.006030150000000001
9.294647323661832e-07;-0.0040201
9.299649824912457e-07;-0.0040201
9.304652326163082e-07;-0.00201005
9.309654827413707e-07;-0.00201005
9.314657328664333e-07;-0.00201005
9.319659829914958e-07;-0.0040201
9.324662331165583e-07;-0.006030150000000001
9.329664832416209e-07;-0.006030150000000001
9.334667333666834e-07;-0.0080402
9.339669834917459e-07;-0.0080402
9.344672336168084e-07;-0.0080402
9.34967483741871e-07;-0.006030150000000001
9.354677338669335e-07;-0.006030150000000001
9.35967983991996e-07;-0.006030150000000001
9.364682341170586e-07;-0.0040201
9.369684842421211e-07;-0.0040201
9.374687343671836e-07;-0.00201005
9.379689844922461e-07;-0.00201005
9.384692346173087e-07;-0.00201005
9.389694847423712e-07;0.0
9.394697348674337e-07;0.0
9.399699849924963e-07;0.00201005
9.404702351175588e-07;0.00201005
9.409704852426213e-07;0.0
9.414707353676839e-07;0.0
9.419709854927464e-07;-0.00201005
9.424712356178089e-07;-0.0040201
9.429714857428714e-07;-0.0040201
9.43471735867934e-07;-0.006030150000000001
9.439719859929965e-07;-0.0080402
9.44472236118059e-07;-0.0080402
9.449724862431216e-07;-0.01005025
9.454727363681841e-07;-0.01005025
9.459729864932466e-07;-0.01005025
9.464732366183091e-07;-0.0080402
9.469734867433717e-07;-0.0080402
9.474737368684342e-07;-0.006030150000000001
9.479739869934967e-07;-0.0040201
9.484742371185593e-07;-0.00201005
9.489744872436218e-07;-0.00201005
9.494747373686843e-07;0.0
9.499749874937468e-07;0.0
9.504752376188095e-07;0.0
9.50975487743872e-07;-0.00201005
9.514757378689345e-07;-0.0040201
9.519759879939971e-07;-0.006030150000000001
9.524762381190596e-07;-0.0080402
9.529764882441221e-07;-0.01005025
9.534767383691847e-07;-0.01005025
9.539769884942472e-07;-0.01005025
9.544772386193098e-07;-0.0080402
9.549774887443722e-07;-0.006030150000000001
9.554777388694348e-07;-0.0040201
9.559779889944972e-07;-0.0040201
9.564782391195598e-07;-0.0040201
9.569784892446224e-07;-0.00201005
9.574787393696848e-07;-0.00201005
9.579789894947474e-07;-0.0040201
9.5847923961981e-07;-0.0040201
9.589794897448724e-07;-0.00201005
9.59479739869935e-07;-0.00201005
9.599799899949976e-07;-0.00201005
9.6048024012006e-07;-0.00201005
9.609804902451226e-07;-0.0040201
9.614807403701852e-07;-0.006030150000000001
9.619809904952476e-07;-0.01005025
9.624812406203102e-07;-0.012060300000000001
9.629814907453728e-07;-0.014070350000000002
9.634817408704352e-07;-0.014070350000000002
9.639819909954978e-07;-0.012060300000000001
9.644822411205602e-07;-0.01005025
9.649824912456228e-07;-0.0080402
9.654827413706854e-07;-0.006030150000000001
9.659829914957478e-07;-0.0040201
9.664832416208104e-07;-0.00201005
9.66983491745873e-07;0.0
9.674837418709354e-07;-0.00201005
9.67983991995998e-07;-0.00201005
9.684842421210606e-07;-0.0040201
9.68984492246123e-07;-0.0080402
9.694847423711856e-07;-0.01005025
9.699849924962482e-07;-0.01005025
9.704852426213106e-07;-0.01005025
9.709854927463732e-07;-0.01005025
9.714857428714358e-07;-0.01005025
9.719859929964982e-07;-0.0080402
9.724862431215608e-07;-0.0080402
9.729864932466232e-07;-0.0080402
9.734867433716858e-07;-0.0080402
9.739869934967485e-07;-0.0080402
9.744872436218108e-07;-0.006030150000000001
9.749874937468735e-07;-0.006030150000000001
9.75487743871936e-07;-0.006030150000000001
9.759879939969985e-07;-0.0040201
9.76488244122061e-07;-0.0040201
9.769884942471237e-07;-0.00201005
9.77488744372186e-07;-0.00201005
9.779889944972487e-07;0.0
9.784892446223113e-07;-0.00201005
9.789894947473737e-07;-0.00201005
9.794897448724363e-07;-0.0040201
9.799899949974989e-07;-0.006030150000000001
9.804902451225613e-07;-0.0080402
9.809904952476239e-07;-0.0080402
9.814907453726863e-07;-0.01005025
9.819909954977489e-07;-0.01005025
9.824912456228115e-07;-0.0080402
9.829914957478739e-07;-0.006030150000000001
9.834917458729365e-07;-0.0040201
9.83991995997999e-07;-0.00201005
9.844922461230615e-07;-0.00201005
9.84992496248124e-07;-0.00201005
9.854927463731867e-07;-0.00201005
9.85992996498249e-07;-0.00201005
9.864932466233117e-07;-0.0040201
9.869934967483743e-07;-0.0040201
9.874937468734367e-07;-0.0040201
9.879939969984993e-07;-0.00201005
9.884942471235617e-07;-0.00201005
9.889944972486243e-07;-0.00201005
9.89494747373687e-07;-0.00201005
9.899949974987493e-07;-0.00201005
9.90495247623812e-07;-0.0040201
9.909954977488745e-07;-0.006030150000000001
9.91495747873937e-07;-0.006030150000000001
9.919959979989995e-07;-0.006030150000000001
9.924962481240621e-07;-0.006030150000000001
9.929964982491245e-07;-0.006030150000000001
9.934967483741871e-07;-0.006030150000000001
9.939969984992497e-07;-0.006030150000000001
9.944972486243121e-07;-0.006030150000000001
9.949974987493747e-07;-0.0080402
9.954977488744373e-07;-0.01005025
9.959979989994997e-07;-0.012060300000000001
9.964982491245623e-07;-0.014070350000000002
9.969984992496247e-07;-0.012060300000000001
9.974987493746873e-07;-0.01005025
9.9799899949975e-07;-0.01005025
9.984992496248123e-07;-0.0080402
9.98999499749875e-07;-0.0080402
9.994997498749376e-07;-0.0080402
1e-06;-0.0080402
